ISA

delay  bit pattern
-----  -----------
000 00011101
000 00011110
000 00011110

020 00011110
020 00011110
020 00011110

040 00011101
040 00011110
040 00011101

060 00011110
060 00011110
060 00011110

080 00011110
080 00011110
080 00011110

100 00011110
100 00011101
100 00011101

120 00011110
120 00011110
120 00011110

140 00011110
140 00011101
140 00011110

160 00011110
160 00011110
160 00011110

180 00011110
180 00011110
180 00011110

200 00011101
200 00011110
200 00011101

220 00011101
220 00011110
220 00011110

240 00011110
240 00011101
240 00011110

260 00011101
260 00011110
260 00011110

280 00011110
280 00011110
280 00011110

300 00011110
300 00011110
300 00011101

320 00011110
320 00011110
320 00011101

340 00011110
340 00011110
340 00011101

360 00011101
360 00011110
360 00011101

380 00011110
380 00011110
380 00011110

400 00011110
400 00011110
400 00011110

420 00011101
420 00011101
420 00011110

440 00011101
440 00011101
440 00011110

460 00011110
460 00011101
460 00011110

480 00011101
480 00011110
480 00011110

500 00011101
500 00011101
500 00011110
500 00011101
500 00011110
500 00011101
500 00011110
500 00011110
500 00011101
500 00011101
500 00011110
500 00011101
500 00011101

510 00011110
510 00011110
510 00011110
510 00011110
510 00011101
510 00011110
510 00011110
510 00011110
510 00011110
510 00011110

520 00011110
520 00011110
520 00011110
520 00011110
520 00011110
520 00011110
520 00011110
520 00011110
520 00011101
520 00011110
520 00011101
520 00011101
520 00011101

530 00011110
530 00011110
530 00011110
530 00011101
530 00011110
530 00011110
530 00011110
530 00011110
530 00011101
530 00011110

540 00011110
540 00011110
540 00011101
540 00011110
540 00011101
540 00011110
540 00011110
540 00011101
540 00011110
540 00011110
540 00011101
540 00011101
540 00011110

542 00011110
542 00011110
542 00011101
542 00011101
542 00011110
542 00011110
542 00011110
542 00011110
542 00011110
542 00011101

544 00011110
544 00011110
544 00011101
544 00011101
544 00011101
544 00011110
544 00011101
544 00011101
544 00011110
544 00011110

546 00011101
546 00011101
546 00011101
546 00011101
546 00011101
546 00011101
546 00011101
546 00011101
546 00011101
546 00011101

548 00011101
548 00011101
548 00011101
548 00011101
548 00011101
548 00011101
548 00011101
548 00011101
548 00011101
548 00011101

550 00011101
550 00011101
550 00011101
550 00011101
550 00011101
550 00011101
550 00011101
550 00011101
550 00011101
550 00011101

560 00011101
560 00011101
560 00011101
560 00011101
560 00011101
560 00011101
560 00011101
560 00011101
560 00011101
560 00011101
560 00011101
560 00011101
560 00011101

570 00011101
570 00011101
570 00011101
570 00011101
570 00011101
570 00011101
570 00011101
570 00011101
570 00011101
570 00011101

580 00011101
580 00011101
580 00011101
580 00011101
580 00011101
580 00011101
580 00011101
580 00011101
580 00011101
580 00011101
580 00011101
580 00011101
580 00011101

590 00011101
590 00011101
590 00011101
590 00011101
590 00011101
590 00011101
590 00011101
590 00011101
590 00011101
590 00011101

600 00011101
600 00011101
600 00011101
600 00011101
600 00011101
600 00011101
600 00011101
600 00011101
600 00011101
600 00011101
600 00011101
600 00011101
600 00011101

602 00011101
602 00011101
602 00011101
602 00011101
602 00011101
602 00011101
602 00011101
602 00011101
602 00011101
602 00011101

604 00011101
604 00011101
604 00011101
604 00011101
604 00011101
604 00011101
604 00011101
604 00011101
604 00011101
604 00011101

606 00011101
606 00011101
606 00011101
606 00011101
606 00011101
606 00011101
606 00011101
606 00011101
606 00011101
606 00011101

608 00011101
608 00011101
608 00011101
608 00011101
608 00011101
608 00011101
608 00011101
608 00011101
608 00011101
608 00011101

610 00011100
610 00011100
610 00011100
610 00011100
610 00011100
610 00011100
610 00011100
610 00011100
610 00011100
610 00011100

620 00011100
620 00011100
620 00011100
620 00011100
620 00011100
620 00011100
620 00011100
620 00011100
620 00011100
620 00011100
620 00011100
620 00011100
620 00011100

640 00011100
640 00011100
640 00011100

660 00011100
660 00011100
660 00011100

680 00011011
680 00011011
680 00011011

700 00011011
700 00011011
700 00011011
